(kicad_pcb (version 20171130) (host pcbnew 5.0.1+dfsg1-3)

  (general
    (thickness 1.6)
    (drawings 4)
    (tracks 0)
    (zones 0)
    (modules 123)
    (nets 103)
  )

  (page A4)
  (title_block
    (title BitkanoneV2)
    (date 2018-12-08)
    (rev 2.0)
    (company "Forth Gesellschaft e.V. - Gerald Wodni")
  )

  (layers
    (0 F.Cu signal)
    (31 B.Cu signal)
    (32 B.Adhes user)
    (33 F.Adhes user)
    (34 B.Paste user)
    (35 F.Paste user)
    (36 B.SilkS user)
    (37 F.SilkS user)
    (38 B.Mask user)
    (39 F.Mask user)
    (40 Dwgs.User user)
    (41 Cmts.User user)
    (42 Eco1.User user)
    (43 Eco2.User user)
    (44 Edge.Cuts user)
    (45 Margin user)
    (46 B.CrtYd user)
    (47 F.CrtYd user)
    (48 B.Fab user)
    (49 F.Fab user)
  )

  (setup
    (last_trace_width 0.25)
    (trace_clearance 0.2)
    (zone_clearance 0.508)
    (zone_45_only no)
    (trace_min 0.2)
    (segment_width 0.2)
    (edge_width 0.15)
    (via_size 0.8)
    (via_drill 0.4)
    (via_min_size 0.4)
    (via_min_drill 0.3)
    (uvia_size 0.3)
    (uvia_drill 0.1)
    (uvias_allowed no)
    (uvia_min_size 0.2)
    (uvia_min_drill 0.1)
    (pcb_text_width 0.3)
    (pcb_text_size 1.5 1.5)
    (mod_edge_width 0.15)
    (mod_text_size 1 1)
    (mod_text_width 0.15)
    (pad_size 1.524 1.524)
    (pad_drill 0.762)
    (pad_to_mask_clearance 0.051)
    (solder_mask_min_width 0.25)
    (aux_axis_origin 0 0)
    (grid_origin 20 20)
    (visible_elements FFFFFF7F)
    (pcbplotparams
      (layerselection 0x010fc_ffffffff)
      (usegerberextensions false)
      (usegerberattributes false)
      (usegerberadvancedattributes false)
      (creategerberjobfile false)
      (excludeedgelayer true)
      (linewidth 0.100000)
      (plotframeref false)
      (viasonmask false)
      (mode 1)
      (useauxorigin false)
      (hpglpennumber 1)
      (hpglpenspeed 20)
      (hpglpendiameter 15.000000)
      (psnegative false)
      (psa4output false)
      (plotreference true)
      (plotvalue true)
      (plotinvisibletext false)
      (padsonsilk false)
      (subtractmaskfromsilk false)
      (outputformat 1)
      (mirror false)
      (drillshape 1)
      (scaleselection 1)
      (outputdirectory ""))
  )

  (net 0 "")
  (net 1 +3V3)
  (net 2 /CANRX)
  (net 3 /CANTX)
  (net 4 GND)
  (net 5 "Net-(D910-Pad2)")
  (net 6 "Net-(D911-Pad2)")
  (net 7 +5V)
  (net 8 "Net-(D901-Pad2)")
  (net 9 "Net-(D901-Pad4)")
  (net 10 "Net-(D902-Pad2)")
  (net 11 "Net-(D909-Pad2)")
  (net 12 "Net-(D908-Pad2)")
  (net 13 "Net-(D908-Pad4)")
  (net 14 /LedGrid/DOUT)
  (net 15 "Net-(D906-Pad2)")
  (net 16 "Net-(D905-Pad2)")
  (net 17 "Net-(D904-Pad2)")
  (net 18 "Net-(D934-Pad2)")
  (net 19 "Net-(D922-Pad4)")
  (net 20 "Net-(D903-Pad2)")
  (net 21 "Net-(D933-Pad2)")
  (net 22 "Net-(D936-Pad4)")
  (net 23 "Net-(D948-Pad2)")
  (net 24 "Net-(D947-Pad2)")
  (net 25 "Net-(D946-Pad2)")
  (net 26 "Net-(D945-Pad2)")
  (net 27 "Net-(D944-Pad2)")
  (net 28 "Net-(D943-Pad2)")
  (net 29 /DIN)
  (net 30 "Net-(D941-Pad2)")
  (net 31 "Net-(D929-Pad4)")
  (net 32 "Net-(D940-Pad2)")
  (net 33 "Net-(D939-Pad2)")
  (net 34 "Net-(D938-Pad2)")
  (net 35 "Net-(D937-Pad2)")
  (net 36 "Net-(D936-Pad2)")
  (net 37 "Net-(D913-Pad2)")
  (net 38 "Net-(D912-Pad2)")
  (net 39 "Net-(D919-Pad2)")
  (net 40 "Net-(D918-Pad2)")
  (net 41 "Net-(D920-Pad2)")
  (net 42 "Net-(D922-Pad2)")
  (net 43 "Net-(D923-Pad2)")
  (net 44 "Net-(D924-Pad2)")
  (net 45 "Net-(D925-Pad2)")
  (net 46 "Net-(D926-Pad2)")
  (net 47 "Net-(D927-Pad2)")
  (net 48 "Net-(D915-Pad4)")
  (net 49 "Net-(D930-Pad2)")
  (net 50 "Net-(D929-Pad2)")
  (net 51 "Net-(D915-Pad2)")
  (net 52 "Net-(D916-Pad2)")
  (net 53 "Net-(D917-Pad2)")
  (net 54 "Net-(D932-Pad2)")
  (net 55 "Net-(D931-Pad2)")
  (net 56 /SENS_SCL)
  (net 57 /SENS_SDA)
  (net 58 /EN2)
  (net 59 /PWM2)
  (net 60 /EN1)
  (net 61 /PWM1)
  (net 62 /TTop)
  (net 63 /TRight)
  (net 64 /TBottom)
  (net 65 /TLeft)
  (net 66 "Net-(U202-Pad5)")
  (net 67 "Net-(U202-Pad6)")
  (net 68 "Net-(U202-Pad7)")
  (net 69 "Net-(U201-Pad38)")
  (net 70 "Net-(J221-Pad2)")
  (net 71 "Net-(J222-Pad2)")
  (net 72 "Net-(J234-Pad2)")
  (net 73 "Net-(J233-Pad2)")
  (net 74 "Net-(J232-Pad2)")
  (net 75 "Net-(J231-Pad2)")
  (net 76 "Net-(U301-Pad8)")
  (net 77 "Net-(U301-Pad7)")
  (net 78 "Net-(U301-Pad6)")
  (net 79 "Net-(U301-Pad2)")
  (net 80 "Net-(U201-Pad26)")
  (net 81 "Net-(U201-Pad27)")
  (net 82 "Net-(U201-Pad1)")
  (net 83 "Net-(U201-Pad2)")
  (net 84 "Net-(U201-Pad3)")
  (net 85 "Net-(U201-Pad4)")
  (net 86 "Net-(U201-Pad9)")
  (net 87 "Net-(U201-Pad10)")
  (net 88 "Net-(U201-Pad11)")
  (net 89 "Net-(U201-Pad12)")
  (net 90 "Net-(U201-Pad13)")
  (net 91 "Net-(U201-Pad14)")
  (net 92 "Net-(U201-Pad17)")
  (net 93 "Net-(U201-Pad28)")
  (net 94 "Net-(U201-Pad29)")
  (net 95 "Net-(U201-Pad30)")
  (net 96 "Net-(U201-Pad31)")
  (net 97 "Net-(U201-Pad32)")
  (net 98 "Net-(U201-Pad33)")
  (net 99 "Net-(U201-Pad34)")
  (net 100 "Net-(U201-Pad35)")
  (net 101 "Net-(U201-Pad41)")
  (net 102 "Net-(U201-Pad42)")

  (net_class Default "Dies ist die voreingestellte Netzklasse."
    (clearance 0.2)
    (trace_width 0.25)
    (via_dia 0.8)
    (via_drill 0.4)
    (uvia_dia 0.3)
    (uvia_drill 0.1)
    (add_net +3V3)
    (add_net +5V)
    (add_net /CANRX)
    (add_net /CANTX)
    (add_net /DIN)
    (add_net /EN1)
    (add_net /EN2)
    (add_net /LedGrid/DOUT)
    (add_net /PWM1)
    (add_net /PWM2)
    (add_net /SENS_SCL)
    (add_net /SENS_SDA)
    (add_net /TBottom)
    (add_net /TLeft)
    (add_net /TRight)
    (add_net /TTop)
    (add_net GND)
    (add_net "Net-(D901-Pad2)")
    (add_net "Net-(D901-Pad4)")
    (add_net "Net-(D902-Pad2)")
    (add_net "Net-(D903-Pad2)")
    (add_net "Net-(D904-Pad2)")
    (add_net "Net-(D905-Pad2)")
    (add_net "Net-(D906-Pad2)")
    (add_net "Net-(D908-Pad2)")
    (add_net "Net-(D908-Pad4)")
    (add_net "Net-(D909-Pad2)")
    (add_net "Net-(D910-Pad2)")
    (add_net "Net-(D911-Pad2)")
    (add_net "Net-(D912-Pad2)")
    (add_net "Net-(D913-Pad2)")
    (add_net "Net-(D915-Pad2)")
    (add_net "Net-(D915-Pad4)")
    (add_net "Net-(D916-Pad2)")
    (add_net "Net-(D917-Pad2)")
    (add_net "Net-(D918-Pad2)")
    (add_net "Net-(D919-Pad2)")
    (add_net "Net-(D920-Pad2)")
    (add_net "Net-(D922-Pad2)")
    (add_net "Net-(D922-Pad4)")
    (add_net "Net-(D923-Pad2)")
    (add_net "Net-(D924-Pad2)")
    (add_net "Net-(D925-Pad2)")
    (add_net "Net-(D926-Pad2)")
    (add_net "Net-(D927-Pad2)")
    (add_net "Net-(D929-Pad2)")
    (add_net "Net-(D929-Pad4)")
    (add_net "Net-(D930-Pad2)")
    (add_net "Net-(D931-Pad2)")
    (add_net "Net-(D932-Pad2)")
    (add_net "Net-(D933-Pad2)")
    (add_net "Net-(D934-Pad2)")
    (add_net "Net-(D936-Pad2)")
    (add_net "Net-(D936-Pad4)")
    (add_net "Net-(D937-Pad2)")
    (add_net "Net-(D938-Pad2)")
    (add_net "Net-(D939-Pad2)")
    (add_net "Net-(D940-Pad2)")
    (add_net "Net-(D941-Pad2)")
    (add_net "Net-(D943-Pad2)")
    (add_net "Net-(D944-Pad2)")
    (add_net "Net-(D945-Pad2)")
    (add_net "Net-(D946-Pad2)")
    (add_net "Net-(D947-Pad2)")
    (add_net "Net-(D948-Pad2)")
    (add_net "Net-(J221-Pad2)")
    (add_net "Net-(J222-Pad2)")
    (add_net "Net-(J231-Pad2)")
    (add_net "Net-(J232-Pad2)")
    (add_net "Net-(J233-Pad2)")
    (add_net "Net-(J234-Pad2)")
    (add_net "Net-(U201-Pad1)")
    (add_net "Net-(U201-Pad10)")
    (add_net "Net-(U201-Pad11)")
    (add_net "Net-(U201-Pad12)")
    (add_net "Net-(U201-Pad13)")
    (add_net "Net-(U201-Pad14)")
    (add_net "Net-(U201-Pad17)")
    (add_net "Net-(U201-Pad2)")
    (add_net "Net-(U201-Pad26)")
    (add_net "Net-(U201-Pad27)")
    (add_net "Net-(U201-Pad28)")
    (add_net "Net-(U201-Pad29)")
    (add_net "Net-(U201-Pad3)")
    (add_net "Net-(U201-Pad30)")
    (add_net "Net-(U201-Pad31)")
    (add_net "Net-(U201-Pad32)")
    (add_net "Net-(U201-Pad33)")
    (add_net "Net-(U201-Pad34)")
    (add_net "Net-(U201-Pad35)")
    (add_net "Net-(U201-Pad38)")
    (add_net "Net-(U201-Pad4)")
    (add_net "Net-(U201-Pad41)")
    (add_net "Net-(U201-Pad42)")
    (add_net "Net-(U201-Pad9)")
    (add_net "Net-(U202-Pad5)")
    (add_net "Net-(U202-Pad6)")
    (add_net "Net-(U202-Pad7)")
    (add_net "Net-(U301-Pad2)")
    (add_net "Net-(U301-Pad6)")
    (add_net "Net-(U301-Pad7)")
    (add_net "Net-(U301-Pad8)")
  )

  (module BluePill_breakouts:BluePill_STM32F103C (layer B.Cu) (tedit 59B4EF3F) (tstamp 5C0EB872)
    (at 92.3792 76 90)
    (descr "STM32F103C8 BluePill board")
    (path /5C99DAC3)
    (fp_text reference U201 (at 7.1628 -49.6062 -90) (layer B.SilkS)
      (effects (font (size 0.889 0.889) (thickness 0.3048)) (justify mirror))
    )
    (fp_text value BluePill_STM32F103C (at 7.9756 -23.7998) (layer B.SilkS)
      (effects (font (size 0.889 0.889) (thickness 0.22225)) (justify mirror))
    )
    (fp_line (start 19.12 2.59) (end 19.12 -50.81) (layer B.SilkS) (width 0.3048))
    (fp_line (start 19.12 -50.81) (end -3.88 -50.81) (layer B.SilkS) (width 0.3048))
    (fp_line (start -3.88 -50.81) (end -3.88 2.59) (layer B.SilkS) (width 0.3048))
    (fp_line (start -3.88 2.59) (end 19.12 2.59) (layer B.SilkS) (width 0.3048))
    (pad 1 thru_hole rect (at 0 0.0508 180) (size 1.7272 2.25) (drill 1.016) (layers *.Cu *.Mask B.SilkS)
      (net 82 "Net-(U201-Pad1)"))
    (pad 2 thru_hole oval (at 0 -2.4892 180) (size 1.7272 2.25) (drill 1.016) (layers *.Cu *.Mask B.SilkS)
      (net 83 "Net-(U201-Pad2)"))
    (pad 3 thru_hole oval (at 0 -5.0292 180) (size 1.7272 2.25) (drill 1.016) (layers *.Cu *.Mask B.SilkS)
      (net 84 "Net-(U201-Pad3)"))
    (pad 4 thru_hole oval (at 0 -7.5692 180) (size 1.7272 2.25) (drill 1.016) (layers *.Cu *.Mask B.SilkS)
      (net 85 "Net-(U201-Pad4)"))
    (pad 5 thru_hole oval (at 0 -10.1092 180) (size 1.7272 2.25) (drill 1.016) (layers *.Cu *.Mask B.SilkS)
      (net 61 /PWM1))
    (pad 6 thru_hole oval (at 0 -12.6492 180) (size 1.7272 2.25) (drill 1.016) (layers *.Cu *.Mask B.SilkS)
      (net 60 /EN1))
    (pad 7 thru_hole oval (at 0 -15.1892 180) (size 1.7272 2.25) (drill 1.016) (layers *.Cu *.Mask B.SilkS)
      (net 59 /PWM2))
    (pad 8 thru_hole oval (at 0 -17.7292 180) (size 1.7272 2.25) (drill 1.016) (layers *.Cu *.Mask B.SilkS)
      (net 58 /EN2))
    (pad 9 thru_hole oval (at 0 -20.2692 180) (size 1.7272 2.25) (drill 1.016) (layers *.Cu *.Mask B.SilkS)
      (net 86 "Net-(U201-Pad9)"))
    (pad 10 thru_hole oval (at 0 -22.8092 180) (size 1.7272 2.25) (drill 1.016) (layers *.Cu *.Mask B.SilkS)
      (net 87 "Net-(U201-Pad10)"))
    (pad 11 thru_hole oval (at 0 -25.3492 180) (size 1.7272 2.25) (drill 1.016) (layers *.Cu *.Mask B.SilkS)
      (net 88 "Net-(U201-Pad11)"))
    (pad 12 thru_hole oval (at 0 -27.8892 180) (size 1.7272 2.25) (drill 1.016) (layers *.Cu *.Mask B.SilkS)
      (net 89 "Net-(U201-Pad12)"))
    (pad 13 thru_hole oval (at 0 -30.4292 180) (size 1.7272 2.25) (drill 1.016) (layers *.Cu *.Mask B.SilkS)
      (net 90 "Net-(U201-Pad13)"))
    (pad 14 thru_hole oval (at 0 -32.9692 180) (size 1.7272 2.25) (drill 1.016) (layers *.Cu *.Mask B.SilkS)
      (net 91 "Net-(U201-Pad14)"))
    (pad 15 thru_hole oval (at 0 -35.5092 180) (size 1.7272 2.25) (drill 1.016) (layers *.Cu *.Mask B.SilkS)
      (net 56 /SENS_SCL))
    (pad 16 thru_hole oval (at 0 -38.0492 180) (size 1.7272 2.25) (drill 1.016) (layers *.Cu *.Mask B.SilkS)
      (net 57 /SENS_SDA))
    (pad 17 thru_hole oval (at 0 -40.5892 180) (size 1.7272 2.25) (drill 1.016) (layers *.Cu *.Mask B.SilkS)
      (net 92 "Net-(U201-Pad17)"))
    (pad 18 thru_hole oval (at 0 -43.1292 180) (size 1.7272 2.25) (drill 1.016) (layers *.Cu *.Mask B.SilkS)
      (net 1 +3V3))
    (pad 19 thru_hole oval (at 0 -45.6692 180) (size 1.7272 2.25) (drill 1.016) (layers *.Cu *.Mask B.SilkS)
      (net 4 GND))
    (pad 20 thru_hole oval (at 0 -48.2092 180) (size 1.7272 2.25) (drill 1.016) (layers *.Cu *.Mask B.SilkS)
      (net 4 GND))
    (pad 21 thru_hole oval (at 15.24 -48.2092) (size 1.7272 2.25) (drill 1.016) (layers *.Cu *.Mask B.SilkS)
      (net 63 /TRight))
    (pad 22 thru_hole oval (at 15.24 -45.6692) (size 1.7272 2.25) (drill 1.016) (layers *.Cu *.Mask B.SilkS)
      (net 62 /TTop))
    (pad 23 thru_hole oval (at 15.24 -43.1292) (size 1.7272 2.25) (drill 1.016) (layers *.Cu *.Mask B.SilkS)
      (net 65 /TLeft))
    (pad 24 thru_hole oval (at 15.24 -40.5892) (size 1.7272 2.25) (drill 1.016) (layers *.Cu *.Mask B.SilkS)
      (net 29 /DIN))
    (pad 25 thru_hole oval (at 15.24 -38.0492) (size 1.7272 2.25) (drill 1.016) (layers *.Cu *.Mask B.SilkS)
      (net 64 /TBottom))
    (pad 26 thru_hole oval (at 15.24 -35.5092) (size 1.7272 2.25) (drill 1.016) (layers *.Cu *.Mask B.SilkS)
      (net 80 "Net-(U201-Pad26)"))
    (pad 27 thru_hole oval (at 15.24 -32.9692) (size 1.7272 2.25) (drill 1.016) (layers *.Cu *.Mask B.SilkS)
      (net 81 "Net-(U201-Pad27)"))
    (pad 28 thru_hole oval (at 15.24 -30.4292) (size 1.7272 2.25) (drill 1.016) (layers *.Cu *.Mask B.SilkS)
      (net 93 "Net-(U201-Pad28)"))
    (pad 29 thru_hole oval (at 15.24 -27.8892) (size 1.7272 2.25) (drill 1.016) (layers *.Cu *.Mask B.SilkS)
      (net 94 "Net-(U201-Pad29)"))
    (pad 30 thru_hole oval (at 15.24 -25.3492) (size 1.7272 2.25) (drill 1.016) (layers *.Cu *.Mask B.SilkS)
      (net 95 "Net-(U201-Pad30)"))
    (pad 31 thru_hole oval (at 15.24 -22.8092) (size 1.7272 2.25) (drill 1.016) (layers *.Cu *.Mask B.SilkS)
      (net 96 "Net-(U201-Pad31)"))
    (pad 32 thru_hole oval (at 15.24 -20.2692) (size 1.7272 2.25) (drill 1.016) (layers *.Cu *.Mask B.SilkS)
      (net 97 "Net-(U201-Pad32)"))
    (pad 33 thru_hole oval (at 15.24 -17.7292) (size 1.7272 2.25) (drill 1.016) (layers *.Cu *.Mask B.SilkS)
      (net 98 "Net-(U201-Pad33)"))
    (pad 34 thru_hole oval (at 15.24 -15.1892) (size 1.7272 2.25) (drill 1.016) (layers *.Cu *.Mask B.SilkS)
      (net 99 "Net-(U201-Pad34)"))
    (pad 35 thru_hole oval (at 15.24 -12.6492) (size 1.7272 2.25) (drill 1.016) (layers *.Cu *.Mask B.SilkS)
      (net 100 "Net-(U201-Pad35)"))
    (pad 36 thru_hole oval (at 15.24 -10.1092) (size 1.7272 2.25) (drill 1.016) (layers *.Cu *.Mask B.SilkS)
      (net 2 /CANRX))
    (pad 37 thru_hole oval (at 15.24 -7.5692) (size 1.7272 2.25) (drill 1.016) (layers *.Cu *.Mask B.SilkS)
      (net 3 /CANTX))
    (pad 38 thru_hole oval (at 15.24 -5.0292) (size 1.7272 2.25) (drill 1.016) (layers *.Cu *.Mask B.SilkS)
      (net 69 "Net-(U201-Pad38)"))
    (pad 39 thru_hole oval (at 15.24 -2.4892) (size 1.7272 2.25) (drill 1.016) (layers *.Cu *.Mask B.SilkS)
      (net 4 GND))
    (pad 40 thru_hole oval (at 15.24 0.1016) (size 1.7272 2.25) (drill 1.016) (layers *.Cu *.Mask B.SilkS)
      (net 1 +3V3))
    (pad 41 thru_hole oval (at 8.9 -3.7592) (size 1.7272 1.7272) (drill 1.016) (layers *.Cu *.Mask B.SilkS)
      (net 101 "Net-(U201-Pad41)"))
    (pad 42 thru_hole oval (at 6.36 -3.7592) (size 1.7272 1.7272) (drill 1.016) (layers *.Cu *.Mask B.SilkS)
      (net 102 "Net-(U201-Pad42)"))
  )

  (module Capacitor_SMD:CP_Elec_6.3x5.3 (layer F.Cu) (tedit 5B3026A2) (tstamp 5C0EB7F2)
    (at 273.753001 109.747001)
    (descr "SMT capacitor, aluminium electrolytic, 6.3x5.3, Cornell Dubilier Electronics ")
    (tags "Capacitor Electrolytic")
    (path /5CB1AF06)
    (attr smd)
    (fp_text reference C402 (at 0 -4.35) (layer F.SilkS)
      (effects (font (size 1 1) (thickness 0.15)))
    )
    (fp_text value 220u (at 0 4.35) (layer F.Fab)
      (effects (font (size 1 1) (thickness 0.15)))
    )
    (fp_text user %R (at 0 0) (layer F.Fab)
      (effects (font (size 1 1) (thickness 0.15)))
    )
    (fp_line (start -4.8 1.05) (end -3.55 1.05) (layer F.CrtYd) (width 0.05))
    (fp_line (start -4.8 -1.05) (end -4.8 1.05) (layer F.CrtYd) (width 0.05))
    (fp_line (start -3.55 -1.05) (end -4.8 -1.05) (layer F.CrtYd) (width 0.05))
    (fp_line (start -3.55 1.05) (end -3.55 2.4) (layer F.CrtYd) (width 0.05))
    (fp_line (start -3.55 -2.4) (end -3.55 -1.05) (layer F.CrtYd) (width 0.05))
    (fp_line (start -3.55 -2.4) (end -2.4 -3.55) (layer F.CrtYd) (width 0.05))
    (fp_line (start -3.55 2.4) (end -2.4 3.55) (layer F.CrtYd) (width 0.05))
    (fp_line (start -2.4 -3.55) (end 3.55 -3.55) (layer F.CrtYd) (width 0.05))
    (fp_line (start -2.4 3.55) (end 3.55 3.55) (layer F.CrtYd) (width 0.05))
    (fp_line (start 3.55 1.05) (end 3.55 3.55) (layer F.CrtYd) (width 0.05))
    (fp_line (start 4.8 1.05) (end 3.55 1.05) (layer F.CrtYd) (width 0.05))
    (fp_line (start 4.8 -1.05) (end 4.8 1.05) (layer F.CrtYd) (width 0.05))
    (fp_line (start 3.55 -1.05) (end 4.8 -1.05) (layer F.CrtYd) (width 0.05))
    (fp_line (start 3.55 -3.55) (end 3.55 -1.05) (layer F.CrtYd) (width 0.05))
    (fp_line (start -4.04375 -2.24125) (end -4.04375 -1.45375) (layer F.SilkS) (width 0.12))
    (fp_line (start -4.4375 -1.8475) (end -3.65 -1.8475) (layer F.SilkS) (width 0.12))
    (fp_line (start -3.41 2.345563) (end -2.345563 3.41) (layer F.SilkS) (width 0.12))
    (fp_line (start -3.41 -2.345563) (end -2.345563 -3.41) (layer F.SilkS) (width 0.12))
    (fp_line (start -3.41 -2.345563) (end -3.41 -1.06) (layer F.SilkS) (width 0.12))
    (fp_line (start -3.41 2.345563) (end -3.41 1.06) (layer F.SilkS) (width 0.12))
    (fp_line (start -2.345563 3.41) (end 3.41 3.41) (layer F.SilkS) (width 0.12))
    (fp_line (start -2.345563 -3.41) (end 3.41 -3.41) (layer F.SilkS) (width 0.12))
    (fp_line (start 3.41 -3.41) (end 3.41 -1.06) (layer F.SilkS) (width 0.12))
    (fp_line (start 3.41 3.41) (end 3.41 1.06) (layer F.SilkS) (width 0.12))
    (fp_line (start -2.389838 -1.645) (end -2.389838 -1.015) (layer F.Fab) (width 0.1))
    (fp_line (start -2.704838 -1.33) (end -2.074838 -1.33) (layer F.Fab) (width 0.1))
    (fp_line (start -3.3 2.3) (end -2.3 3.3) (layer F.Fab) (width 0.1))
    (fp_line (start -3.3 -2.3) (end -2.3 -3.3) (layer F.Fab) (width 0.1))
    (fp_line (start -3.3 -2.3) (end -3.3 2.3) (layer F.Fab) (width 0.1))
    (fp_line (start -2.3 3.3) (end 3.3 3.3) (layer F.Fab) (width 0.1))
    (fp_line (start -2.3 -3.3) (end 3.3 -3.3) (layer F.Fab) (width 0.1))
    (fp_line (start 3.3 -3.3) (end 3.3 3.3) (layer F.Fab) (width 0.1))
    (fp_circle (center 0 0) (end 3.15 0) (layer F.Fab) (width 0.1))
    (pad 2 smd rect (at 2.8 0) (size 3.5 1.6) (layers F.Cu F.Paste F.Mask)
      (net 4 GND))
    (pad 1 smd rect (at -2.8 0) (size 3.5 1.6) (layers F.Cu F.Paste F.Mask)
      (net 7 +5V))
    (model ${KISYS3DMOD}/Capacitor_SMD.3dshapes/CP_Elec_6.3x5.3.wrl
      (at (xyz 0 0 0))
      (scale (xyz 1 1 1))
      (rotate (xyz 0 0 0))
    )
  )

  (module Capacitor_SMD:CP_Elec_6.3x5.3 (layer F.Cu) (tedit 5B3026A2) (tstamp 5C0EB7CA)
    (at 273.753001 116.897001)
    (descr "SMT capacitor, aluminium electrolytic, 6.3x5.3, Cornell Dubilier Electronics ")
    (tags "Capacitor Electrolytic")
    (path /5CAE5DA8)
    (attr smd)
    (fp_text reference C401 (at 0 -4.35) (layer F.SilkS)
      (effects (font (size 1 1) (thickness 0.15)))
    )
    (fp_text value 220u (at 0 4.35) (layer F.Fab)
      (effects (font (size 1 1) (thickness 0.15)))
    )
    (fp_circle (center 0 0) (end 3.15 0) (layer F.Fab) (width 0.1))
    (fp_line (start 3.3 -3.3) (end 3.3 3.3) (layer F.Fab) (width 0.1))
    (fp_line (start -2.3 -3.3) (end 3.3 -3.3) (layer F.Fab) (width 0.1))
    (fp_line (start -2.3 3.3) (end 3.3 3.3) (layer F.Fab) (width 0.1))
    (fp_line (start -3.3 -2.3) (end -3.3 2.3) (layer F.Fab) (width 0.1))
    (fp_line (start -3.3 -2.3) (end -2.3 -3.3) (layer F.Fab) (width 0.1))
    (fp_line (start -3.3 2.3) (end -2.3 3.3) (layer F.Fab) (width 0.1))
    (fp_line (start -2.704838 -1.33) (end -2.074838 -1.33) (layer F.Fab) (width 0.1))
    (fp_line (start -2.389838 -1.645) (end -2.389838 -1.015) (layer F.Fab) (width 0.1))
    (fp_line (start 3.41 3.41) (end 3.41 1.06) (layer F.SilkS) (width 0.12))
    (fp_line (start 3.41 -3.41) (end 3.41 -1.06) (layer F.SilkS) (width 0.12))
    (fp_line (start -2.345563 -3.41) (end 3.41 -3.41) (layer F.SilkS) (width 0.12))
    (fp_line (start -2.345563 3.41) (end 3.41 3.41) (layer F.SilkS) (width 0.12))
    (fp_line (start -3.41 2.345563) (end -3.41 1.06) (layer F.SilkS) (width 0.12))
    (fp_line (start -3.41 -2.345563) (end -3.41 -1.06) (layer F.SilkS) (width 0.12))
    (fp_line (start -3.41 -2.345563) (end -2.345563 -3.41) (layer F.SilkS) (width 0.12))
    (fp_line (start -3.41 2.345563) (end -2.345563 3.41) (layer F.SilkS) (width 0.12))
    (fp_line (start -4.4375 -1.8475) (end -3.65 -1.8475) (layer F.SilkS) (width 0.12))
    (fp_line (start -4.04375 -2.24125) (end -4.04375 -1.45375) (layer F.SilkS) (width 0.12))
    (fp_line (start 3.55 -3.55) (end 3.55 -1.05) (layer F.CrtYd) (width 0.05))
    (fp_line (start 3.55 -1.05) (end 4.8 -1.05) (layer F.CrtYd) (width 0.05))
    (fp_line (start 4.8 -1.05) (end 4.8 1.05) (layer F.CrtYd) (width 0.05))
    (fp_line (start 4.8 1.05) (end 3.55 1.05) (layer F.CrtYd) (width 0.05))
    (fp_line (start 3.55 1.05) (end 3.55 3.55) (layer F.CrtYd) (width 0.05))
    (fp_line (start -2.4 3.55) (end 3.55 3.55) (layer F.CrtYd) (width 0.05))
    (fp_line (start -2.4 -3.55) (end 3.55 -3.55) (layer F.CrtYd) (width 0.05))
    (fp_line (start -3.55 2.4) (end -2.4 3.55) (layer F.CrtYd) (width 0.05))
    (fp_line (start -3.55 -2.4) (end -2.4 -3.55) (layer F.CrtYd) (width 0.05))
    (fp_line (start -3.55 -2.4) (end -3.55 -1.05) (layer F.CrtYd) (width 0.05))
    (fp_line (start -3.55 1.05) (end -3.55 2.4) (layer F.CrtYd) (width 0.05))
    (fp_line (start -3.55 -1.05) (end -4.8 -1.05) (layer F.CrtYd) (width 0.05))
    (fp_line (start -4.8 -1.05) (end -4.8 1.05) (layer F.CrtYd) (width 0.05))
    (fp_line (start -4.8 1.05) (end -3.55 1.05) (layer F.CrtYd) (width 0.05))
    (fp_text user %R (at 0 0) (layer F.Fab)
      (effects (font (size 1 1) (thickness 0.15)))
    )
    (pad 1 smd rect (at -2.8 0) (size 3.5 1.6) (layers F.Cu F.Paste F.Mask)
      (net 7 +5V))
    (pad 2 smd rect (at 2.8 0) (size 3.5 1.6) (layers F.Cu F.Paste F.Mask)
      (net 4 GND))
    (model ${KISYS3DMOD}/Capacitor_SMD.3dshapes/CP_Elec_6.3x5.3.wrl
      (at (xyz 0 0 0))
      (scale (xyz 1 1 1))
      (rotate (xyz 0 0 0))
    )
  )

  (module Capacitor_SMD:C_0603_1608Metric (layer F.Cu) (tedit 5B301BBE) (tstamp 5C0EB793)
    (at 32 27 90)
    (descr "Capacitor SMD 0603 (1608 Metric), square (rectangular) end terminal, IPC_7351 nominal, (Body size source: http://www.tortai-tech.com/upload/download/2011102023233369053.pdf), generated with kicad-footprint-generator")
    (tags capacitor)
    (path /5C0C4423/5C539D64)
    (attr smd)
    (fp_text reference C901 (at 0 -1.43 90) (layer F.SilkS)
      (effects (font (size 1 1) (thickness 0.15)))
    )
    (fp_text value 100nF (at 0 1.43 90) (layer F.Fab)
      (effects (font (size 1 1) (thickness 0.15)))
    )
    (fp_text user %R (at 0 0 90) (layer F.Fab)
      (effects (font (size 0.4 0.4) (thickness 0.06)))
    )
    (fp_line (start 1.48 0.73) (end -1.48 0.73) (layer F.CrtYd) (width 0.05))
    (fp_line (start 1.48 -0.73) (end 1.48 0.73) (layer F.CrtYd) (width 0.05))
    (fp_line (start -1.48 -0.73) (end 1.48 -0.73) (layer F.CrtYd) (width 0.05))
    (fp_line (start -1.48 0.73) (end -1.48 -0.73) (layer F.CrtYd) (width 0.05))
    (fp_line (start -0.162779 0.51) (end 0.162779 0.51) (layer F.SilkS) (width 0.12))
    (fp_line (start -0.162779 -0.51) (end 0.162779 -0.51) (layer F.SilkS) (width 0.12))
    (fp_line (start 0.8 0.4) (end -0.8 0.4) (layer F.Fab) (width 0.1))
    (fp_line (start 0.8 -0.4) (end 0.8 0.4) (layer F.Fab) (width 0.1))
    (fp_line (start -0.8 -0.4) (end 0.8 -0.4) (layer F.Fab) (width 0.1))
    (fp_line (start -0.8 0.4) (end -0.8 -0.4) (layer F.Fab) (width 0.1))
    (pad 2 smd roundrect (at 0.7875 0 90) (size 0.875 0.95) (layers F.Cu F.Paste F.Mask) (roundrect_rratio 0.25)
      (net 4 GND))
    (pad 1 smd roundrect (at -0.7875 0 90) (size 0.875 0.95) (layers F.Cu F.Paste F.Mask) (roundrect_rratio 0.25)
      (net 7 +5V))
    (model ${KISYS3DMOD}/Capacitor_SMD.3dshapes/C_0603_1608Metric.wrl
      (at (xyz 0 0 0))
      (scale (xyz 1 1 1))
      (rotate (xyz 0 0 0))
    )
  )

  (module Capacitor_SMD:C_0603_1608Metric (layer F.Cu) (tedit 5B301BBE) (tstamp 5C0EB783)
    (at 74 27 90)
    (descr "Capacitor SMD 0603 (1608 Metric), square (rectangular) end terminal, IPC_7351 nominal, (Body size source: http://www.tortai-tech.com/upload/download/2011102023233369053.pdf), generated with kicad-footprint-generator")
    (tags capacitor)
    (path /5C0C4423/5C52DBA8)
    (attr smd)
    (fp_text reference C904 (at 0 -1.43 90) (layer F.SilkS)
      (effects (font (size 1 1) (thickness 0.15)))
    )
    (fp_text value 100nF (at 0 1.43 90) (layer F.Fab)
      (effects (font (size 1 1) (thickness 0.15)))
    )
    (fp_line (start -0.8 0.4) (end -0.8 -0.4) (layer F.Fab) (width 0.1))
    (fp_line (start -0.8 -0.4) (end 0.8 -0.4) (layer F.Fab) (width 0.1))
    (fp_line (start 0.8 -0.4) (end 0.8 0.4) (layer F.Fab) (width 0.1))
    (fp_line (start 0.8 0.4) (end -0.8 0.4) (layer F.Fab) (width 0.1))
    (fp_line (start -0.162779 -0.51) (end 0.162779 -0.51) (layer F.SilkS) (width 0.12))
    (fp_line (start -0.162779 0.51) (end 0.162779 0.51) (layer F.SilkS) (width 0.12))
    (fp_line (start -1.48 0.73) (end -1.48 -0.73) (layer F.CrtYd) (width 0.05))
    (fp_line (start -1.48 -0.73) (end 1.48 -0.73) (layer F.CrtYd) (width 0.05))
    (fp_line (start 1.48 -0.73) (end 1.48 0.73) (layer F.CrtYd) (width 0.05))
    (fp_line (start 1.48 0.73) (end -1.48 0.73) (layer F.CrtYd) (width 0.05))
    (fp_text user %R (at 0 0 90) (layer F.Fab)
      (effects (font (size 0.4 0.4) (thickness 0.06)))
    )
    (pad 1 smd roundrect (at -0.7875 0 90) (size 0.875 0.95) (layers F.Cu F.Paste F.Mask) (roundrect_rratio 0.25)
      (net 7 +5V))
    (pad 2 smd roundrect (at 0.7875 0 90) (size 0.875 0.95) (layers F.Cu F.Paste F.Mask) (roundrect_rratio 0.25)
      (net 4 GND))
    (model ${KISYS3DMOD}/Capacitor_SMD.3dshapes/C_0603_1608Metric.wrl
      (at (xyz 0 0 0))
      (scale (xyz 1 1 1))
      (rotate (xyz 0 0 0))
    )
  )

  (module Capacitor_SMD:C_0603_1608Metric (layer F.Cu) (tedit 5B301BBE) (tstamp 5C0EB773)
    (at 88 27 90)
    (descr "Capacitor SMD 0603 (1608 Metric), square (rectangular) end terminal, IPC_7351 nominal, (Body size source: http://www.tortai-tech.com/upload/download/2011102023233369053.pdf), generated with kicad-footprint-generator")
    (tags capacitor)
    (path /5C0C4423/5C521B5D)
    (attr smd)
    (fp_text reference C905 (at 0 -1.43 90) (layer F.SilkS)
      (effects (font (size 1 1) (thickness 0.15)))
    )
    (fp_text value 100nF (at 0 1.43 90) (layer F.Fab)
      (effects (font (size 1 1) (thickness 0.15)))
    )
    (fp_text user %R (at 0 0 90) (layer F.Fab)
      (effects (font (size 0.4 0.4) (thickness 0.06)))
    )
    (fp_line (start 1.48 0.73) (end -1.48 0.73) (layer F.CrtYd) (width 0.05))
    (fp_line (start 1.48 -0.73) (end 1.48 0.73) (layer F.CrtYd) (width 0.05))
    (fp_line (start -1.48 -0.73) (end 1.48 -0.73) (layer F.CrtYd) (width 0.05))
    (fp_line (start -1.48 0.73) (end -1.48 -0.73) (layer F.CrtYd) (width 0.05))
    (fp_line (start -0.162779 0.51) (end 0.162779 0.51) (layer F.SilkS) (width 0.12))
    (fp_line (start -0.162779 -0.51) (end 0.162779 -0.51) (layer F.SilkS) (width 0.12))
    (fp_line (start 0.8 0.4) (end -0.8 0.4) (layer F.Fab) (width 0.1))
    (fp_line (start 0.8 -0.4) (end 0.8 0.4) (layer F.Fab) (width 0.1))
    (fp_line (start -0.8 -0.4) (end 0.8 -0.4) (layer F.Fab) (width 0.1))
    (fp_line (start -0.8 0.4) (end -0.8 -0.4) (layer F.Fab) (width 0.1))
    (pad 2 smd roundrect (at 0.7875 0 90) (size 0.875 0.95) (layers F.Cu F.Paste F.Mask) (roundrect_rratio 0.25)
      (net 4 GND))
    (pad 1 smd roundrect (at -0.7875 0 90) (size 0.875 0.95) (layers F.Cu F.Paste F.Mask) (roundrect_rratio 0.25)
      (net 7 +5V))
    (model ${KISYS3DMOD}/Capacitor_SMD.3dshapes/C_0603_1608Metric.wrl
      (at (xyz 0 0 0))
      (scale (xyz 1 1 1))
      (rotate (xyz 0 0 0))
    )
  )

  (module Capacitor_SMD:C_0603_1608Metric (layer F.Cu) (tedit 5B301BBE) (tstamp 5C0EB763)
    (at 102 27 90)
    (descr "Capacitor SMD 0603 (1608 Metric), square (rectangular) end terminal, IPC_7351 nominal, (Body size source: http://www.tortai-tech.com/upload/download/2011102023233369053.pdf), generated with kicad-footprint-generator")
    (tags capacitor)
    (path /5C0C4423/5C515B1A)
    (attr smd)
    (fp_text reference C906 (at 0 -1.43 90) (layer F.SilkS)
      (effects (font (size 1 1) (thickness 0.15)))
    )
    (fp_text value 100nF (at 0 1.43 90) (layer F.Fab)
      (effects (font (size 1 1) (thickness 0.15)))
    )
    (fp_line (start -0.8 0.4) (end -0.8 -0.4) (layer F.Fab) (width 0.1))
    (fp_line (start -0.8 -0.4) (end 0.8 -0.4) (layer F.Fab) (width 0.1))
    (fp_line (start 0.8 -0.4) (end 0.8 0.4) (layer F.Fab) (width 0.1))
    (fp_line (start 0.8 0.4) (end -0.8 0.4) (layer F.Fab) (width 0.1))
    (fp_line (start -0.162779 -0.51) (end 0.162779 -0.51) (layer F.SilkS) (width 0.12))
    (fp_line (start -0.162779 0.51) (end 0.162779 0.51) (layer F.SilkS) (width 0.12))
    (fp_line (start -1.48 0.73) (end -1.48 -0.73) (layer F.CrtYd) (width 0.05))
    (fp_line (start -1.48 -0.73) (end 1.48 -0.73) (layer F.CrtYd) (width 0.05))
    (fp_line (start 1.48 -0.73) (end 1.48 0.73) (layer F.CrtYd) (width 0.05))
    (fp_line (start 1.48 0.73) (end -1.48 0.73) (layer F.CrtYd) (width 0.05))
    (fp_text user %R (at 0 0 90) (layer F.Fab)
      (effects (font (size 0.4 0.4) (thickness 0.06)))
    )
    (pad 1 smd roundrect (at -0.7875 0 90) (size 0.875 0.95) (layers F.Cu F.Paste F.Mask) (roundrect_rratio 0.25)
      (net 7 +5V))
    (pad 2 smd roundrect (at 0.7875 0 90) (size 0.875 0.95) (layers F.Cu F.Paste F.Mask) (roundrect_rratio 0.25)
      (net 4 GND))
    (model ${KISYS3DMOD}/Capacitor_SMD.3dshapes/C_0603_1608Metric.wrl
      (at (xyz 0 0 0))
      (scale (xyz 1 1 1))
      (rotate (xyz 0 0 0))
    )
  )

  (module Capacitor_SMD:C_0603_1608Metric (layer F.Cu) (tedit 5B301BBE) (tstamp 5C0EB753)
    (at 116 27 90)
    (descr "Capacitor SMD 0603 (1608 Metric), square (rectangular) end terminal, IPC_7351 nominal, (Body size source: http://www.tortai-tech.com/upload/download/2011102023233369053.pdf), generated with kicad-footprint-generator")
    (tags capacitor)
    (path /5C0C4423/5C4545D6)
    (attr smd)
    (fp_text reference C907 (at 0 -1.43 90) (layer F.SilkS)
      (effects (font (size 1 1) (thickness 0.15)))
    )
    (fp_text value 100nF (at 0 1.43 90) (layer F.Fab)
      (effects (font (size 1 1) (thickness 0.15)))
    )
    (fp_text user %R (at 0 0 90) (layer F.Fab)
      (effects (font (size 0.4 0.4) (thickness 0.06)))
    )
    (fp_line (start 1.48 0.73) (end -1.48 0.73) (layer F.CrtYd) (width 0.05))
    (fp_line (start 1.48 -0.73) (end 1.48 0.73) (layer F.CrtYd) (width 0.05))
    (fp_line (start -1.48 -0.73) (end 1.48 -0.73) (layer F.CrtYd) (width 0.05))
    (fp_line (start -1.48 0.73) (end -1.48 -0.73) (layer F.CrtYd) (width 0.05))
    (fp_line (start -0.162779 0.51) (end 0.162779 0.51) (layer F.SilkS) (width 0.12))
    (fp_line (start -0.162779 -0.51) (end 0.162779 -0.51) (layer F.SilkS) (width 0.12))
    (fp_line (start 0.8 0.4) (end -0.8 0.4) (layer F.Fab) (width 0.1))
    (fp_line (start 0.8 -0.4) (end 0.8 0.4) (layer F.Fab) (width 0.1))
    (fp_line (start -0.8 -0.4) (end 0.8 -0.4) (layer F.Fab) (width 0.1))
    (fp_line (start -0.8 0.4) (end -0.8 -0.4) (layer F.Fab) (width 0.1))
    (pad 2 smd roundrect (at 0.7875 0 90) (size 0.875 0.95) (layers F.Cu F.Paste F.Mask) (roundrect_rratio 0.25)
      (net 4 GND))
    (pad 1 smd roundrect (at -0.7875 0 90) (size 0.875 0.95) (layers F.Cu F.Paste F.Mask) (roundrect_rratio 0.25)
      (net 7 +5V))
    (model ${KISYS3DMOD}/Capacitor_SMD.3dshapes/C_0603_1608Metric.wrl
      (at (xyz 0 0 0))
      (scale (xyz 1 1 1))
      (rotate (xyz 0 0 0))
    )
  )

  (module Capacitor_SMD:C_0603_1608Metric (layer F.Cu) (tedit 5B301BBE) (tstamp 5C0EB743)
    (at 32 41 90)
    (descr "Capacitor SMD 0603 (1608 Metric), square (rectangular) end terminal, IPC_7351 nominal, (Body size source: http://www.tortai-tech.com/upload/download/2011102023233369053.pdf), generated with kicad-footprint-generator")
    (tags capacitor)
    (path /5C0C4423/5C680C34)
    (attr smd)
    (fp_text reference C908 (at 0 -1.43 90) (layer F.SilkS)
      (effects (font (size 1 1) (thickness 0.15)))
    )
    (fp_text value 100nF (at 0 1.43 90) (layer F.Fab)
      (effects (font (size 1 1) (thickness 0.15)))
    )
    (fp_line (start -0.8 0.4) (end -0.8 -0.4) (layer F.Fab) (width 0.1))
    (fp_line (start -0.8 -0.4) (end 0.8 -0.4) (layer F.Fab) (width 0.1))
    (fp_line (start 0.8 -0.4) (end 0.8 0.4) (layer F.Fab) (width 0.1))
    (fp_line (start 0.8 0.4) (end -0.8 0.4) (layer F.Fab) (width 0.1))
    (fp_line (start -0.162779 -0.51) (end 0.162779 -0.51) (layer F.SilkS) (width 0.12))
    (fp_line (start -0.162779 0.51) (end 0.162779 0.51) (layer F.SilkS) (width 0.12))
    (fp_line (start -1.48 0.73) (end -1.48 -0.73) (layer F.CrtYd) (width 0.05))
    (fp_line (start -1.48 -0.73) (end 1.48 -0.73) (layer F.CrtYd) (width 0.05))
    (fp_line (start 1.48 -0.73) (end 1.48 0.73) (layer F.CrtYd) (width 0.05))
    (fp_line (start 1.48 0.73) (end -1.48 0.73) (layer F.CrtYd) (width 0.05))
    (fp_text user %R (at 0 0 90) (layer F.Fab)
      (effects (font (size 0.4 0.4) (thickness 0.06)))
    )
    (pad 1 smd roundrect (at -0.7875 0 90) (size 0.875 0.95) (layers F.Cu F.Paste F.Mask) (roundrect_rratio 0.25)
      (net 7 +5V))
    (pad 2 smd roundrect (at 0.7875 0 90) (size 0.875 0.95) (layers F.Cu F.Paste F.Mask) (roundrect_rratio 0.25)
      (net 4 GND))
    (model ${KISYS3DMOD}/Capacitor_SMD.3dshapes/C_0603_1608Metric.wrl
      (at (xyz 0 0 0))
      (scale (xyz 1 1 1))
      (rotate (xyz 0 0 0))
    )
  )

  (module Capacitor_SMD:C_0603_1608Metric (layer F.Cu) (tedit 5B301BBE) (tstamp 5C0EB733)
    (at 46 41 90)
    (descr "Capacitor SMD 0603 (1608 Metric), square (rectangular) end terminal, IPC_7351 nominal, (Body size source: http://www.tortai-tech.com/upload/download/2011102023233369053.pdf), generated with kicad-footprint-generator")
    (tags capacitor)
    (path /5C0C4423/5C680C2D)
    (attr smd)
    (fp_text reference C909 (at 0 -1.43 90) (layer F.SilkS)
      (effects (font (size 1 1) (thickness 0.15)))
    )
    (fp_text value 100nF (at 0 1.43 90) (layer F.Fab)
      (effects (font (size 1 1) (thickness 0.15)))
    )
    (fp_text user %R (at 0 0 90) (layer F.Fab)
      (effects (font (size 0.4 0.4) (thickness 0.06)))
    )
    (fp_line (start 1.48 0.73) (end -1.48 0.73) (layer F.CrtYd) (width 0.05))
    (fp_line (start 1.48 -0.73) (end 1.48 0.73) (layer F.CrtYd) (width 0.05))
    (fp_line (start -1.48 -0.73) (end 1.48 -0.73) (layer F.CrtYd) (width 0.05))
    (fp_line (start -1.48 0.73) (end -1.48 -0.73) (layer F.CrtYd) (width 0.05))
    (fp_line (start -0.162779 0.51) (end 0.162779 0.51) (layer F.SilkS) (width 0.12))
    (fp_line (start -0.162779 -0.51) (end 0.162779 -0.51) (layer F.SilkS) (width 0.12))
    (fp_line (start 0.8 0.4) (end -0.8 0.4) (layer F.Fab) (width 0.1))
    (fp_line (start 0.8 -0.4) (end 0.8 0.4) (layer F.Fab) (width 0.1))
    (fp_line (start -0.8 -0.4) (end 0.8 -0.4) (layer F.Fab) (width 0.1))
    (fp_line (start -0.8 0.4) (end -0.8 -0.4) (layer F.Fab) (width 0.1))
    (pad 2 smd roundrect (at 0.7875 0 90) (size 0.875 0.95) (layers F.Cu F.Paste F.Mask) (roundrect_rratio 0.25)
      (net 4 GND))
    (pad 1 smd roundrect (at -0.7875 0 90) (size 0.875 0.95) (layers F.Cu F.Paste F.Mask) (roundrect_rratio 0.25)
      (net 7 +5V))
    (model ${KISYS3DMOD}/Capacitor_SMD.3dshapes/C_0603_1608Metric.wrl
      (at (xyz 0 0 0))
      (scale (xyz 1 1 1))
      (rotate (xyz 0 0 0))
    )
  )

  (module Capacitor_SMD:C_0603_1608Metric (layer F.Cu) (tedit 5B301BBE) (tstamp 5C0EB723)
    (at 60 41 90)
    (descr "Capacitor SMD 0603 (1608 Metric), square (rectangular) end terminal, IPC_7351 nominal, (Body size source: http://www.tortai-tech.com/upload/download/2011102023233369053.pdf), generated with kicad-footprint-generator")
    (tags capacitor)
    (path /5C0C4423/5C680C26)
    (attr smd)
    (fp_text reference C910 (at 0 -1.43 90) (layer F.SilkS)
      (effects (font (size 1 1) (thickness 0.15)))
    )
    (fp_text value 100nF (at 0 1.43 90) (layer F.Fab)
      (effects (font (size 1 1) (thickness 0.15)))
    )
    (fp_line (start -0.8 0.4) (end -0.8 -0.4) (layer F.Fab) (width 0.1))
    (fp_line (start -0.8 -0.4) (end 0.8 -0.4) (layer F.Fab) (width 0.1))
    (fp_line (start 0.8 -0.4) (end 0.8 0.4) (layer F.Fab) (width 0.1))
    (fp_line (start 0.8 0.4) (end -0.8 0.4) (layer F.Fab) (width 0.1))
    (fp_line (start -0.162779 -0.51) (end 0.162779 -0.51) (layer F.SilkS) (width 0.12))
    (fp_line (start -0.162779 0.51) (end 0.162779 0.51) (layer F.SilkS) (width 0.12))
    (fp_line (start -1.48 0.73) (end -1.48 -0.73) (layer F.CrtYd) (width 0.05))
    (fp_line (start -1.48 -0.73) (end 1.48 -0.73) (layer F.CrtYd) (width 0.05))
    (fp_line (start 1.48 -0.73) (end 1.48 0.73) (layer F.CrtYd) (width 0.05))
    (fp_line (start 1.48 0.73) (end -1.48 0.73) (layer F.CrtYd) (width 0.05))
    (fp_text user %R (at 0 0 90) (layer F.Fab)
      (effects (font (size 0.4 0.4) (thickness 0.06)))
    )
    (pad 1 smd roundrect (at -0.7875 0 90) (size 0.875 0.95) (layers F.Cu F.Paste F.Mask) (roundrect_rratio 0.25)
      (net 7 +5V))
    (pad 2 smd roundrect (at 0.7875 0 90) (size 0.875 0.95) (layers F.Cu F.Paste F.Mask) (roundrect_rratio 0.25)
      (net 4 GND))
    (model ${KISYS3DMOD}/Capacitor_SMD.3dshapes/C_0603_1608Metric.wrl
      (at (xyz 0 0 0))
      (scale (xyz 1 1 1))
      (rotate (xyz 0 0 0))
    )
  )

  (module Capacitor_SMD:C_0603_1608Metric (layer F.Cu) (tedit 5B301BBE) (tstamp 5C0EB713)
    (at 74 41 90)
    (descr "Capacitor SMD 0603 (1608 Metric), square (rectangular) end terminal, IPC_7351 nominal, (Body size source: http://www.tortai-tech.com/upload/download/2011102023233369053.pdf), generated with kicad-footprint-generator")
    (tags capacitor)
    (path /5C0C4423/5C680C1F)
    (attr smd)
    (fp_text reference C911 (at 0 -1.43 90) (layer F.SilkS)
      (effects (font (size 1 1) (thickness 0.15)))
    )
    (fp_text value 100nF (at 0 1.43 90) (layer F.Fab)
      (effects (font (size 1 1) (thickness 0.15)))
    )
    (fp_text user %R (at 0 0 90) (layer F.Fab)
      (effects (font (size 0.4 0.4) (thickness 0.06)))
    )
    (fp_line (start 1.48 0.73) (end -1.48 0.73) (layer F.CrtYd) (width 0.05))
    (fp_line (start 1.48 -0.73) (end 1.48 0.73) (layer F.CrtYd) (width 0.05))
    (fp_line (start -1.48 -0.73) (end 1.48 -0.73) (layer F.CrtYd) (width 0.05))
    (fp_line (start -1.48 0.73) (end -1.48 -0.73) (layer F.CrtYd) (width 0.05))
    (fp_line (start -0.162779 0.51) (end 0.162779 0.51) (layer F.SilkS) (width 0.12))
    (fp_line (start -0.162779 -0.51) (end 0.162779 -0.51) (layer F.SilkS) (width 0.12))
    (fp_line (start 0.8 0.4) (end -0.8 0.4) (layer F.Fab) (width 0.1))
    (fp_line (start 0.8 -0.4) (end 0.8 0.4) (layer F.Fab) (width 0.1))
    (fp_line (start -0.8 -0.4) (end 0.8 -0.4) (layer F.Fab) (width 0.1))
    (fp_line (start -0.8 0.4) (end -0.8 -0.4) (layer F.Fab) (width 0.1))
    (pad 2 smd roundrect (at 0.7875 0 90) (size 0.875 0.95) (layers F.Cu F.Paste F.Mask) (roundrect_rratio 0.25)
      (net 4 GND))
    (pad 1 smd roundrect (at -0.7875 0 90) (size 0.875 0.95) (layers F.Cu F.Paste F.Mask) (roundrect_rratio 0.25)
      (net 7 +5V))
    (model ${KISYS3DMOD}/Capacitor_SMD.3dshapes/C_0603_1608Metric.wrl
      (at (xyz 0 0 0))
      (scale (xyz 1 1 1))
      (rotate (xyz 0 0 0))
    )
  )

  (module Capacitor_SMD:C_0603_1608Metric (layer F.Cu) (tedit 5B301BBE) (tstamp 5C0EB703)
    (at 102 111 90)
    (descr "Capacitor SMD 0603 (1608 Metric), square (rectangular) end terminal, IPC_7351 nominal, (Body size source: http://www.tortai-tech.com/upload/download/2011102023233369053.pdf), generated with kicad-footprint-generator")
    (tags capacitor)
    (path /5C0C4423/5C6B48AC)
    (attr smd)
    (fp_text reference C948 (at 0 -1.43 90) (layer F.SilkS)
